6
187
130
35
152
249
180
11
156
118
210
220
53
73
1
196
120
102
92
143
245
148
223
59
253
63
238
22
44
99
18
193
184
6
56
34
156
33
74
18
128
213
110
216
153
20
50
37
249
109
193
236
180
65
63
108
27
50
1
181
125
226
66
245
228
162
69
130
250
49
188
118
58
246
147
29
59
61
92
132
43
28
149
153
38
31
211
126
71
53
64
41
165
155
26
237
176
253
47
147
141
226
64
214
60
47
57
178
175
53
251
102
151
70
151
42
90
108
224
69
25
94
245
225
147
125
170
189
85
64
21
58
174
141
240
240
232
222
221
216
208
97
114
235
104
106
234
252
169
81
